600016
601166
601818
601398
601288
600000
601939
600015
601988
601328
000625
601998
000001
600036
601169
601009
600048
600177
000540
002142
601668
600104
600383
600741
002146
601006
600153
600023
600060
601633
601186
000069
000402
000002
600208
600674
601225
601877
600340
600583
600376
000671
600585
600886
601088
600068
600028
600221
600352
600816
600649
600066
600309
600019
002714
600188
600688
600582
600074
002081
600795
000876
600170
600690
601211
000623
000338
000686
601318
000776
600999
601377
002736
000166
002304
600115
600100
600718
600739
600606